0.008868217

0.023507357

0.00755477

0.019787073

0.00864172

0.007582903

0.009860039

0.006989479

0.026080132

0.007633686

0.007260561

0.007723331

0.009935617

0.006834745

0.006833553

0.007592678

0.007703543

0.008073568

0.007790327

0.007107973

0.008916378

0.011314869

0.006237507

0.006949425

0.029592276

0.007639647

0.011336565

0.008540392

0.007301331

0.007546663

0.006197214

0.007666826

0.006412745

0.007375956

0.007247925

0.009286404

0.010494947

0.00762558

0.007112265

0.007108212

0.007154226

0.008355379

0.006719351

0.007636786

0.008421421

0.006953716

0.022307396

0.008459568

0.007184744

0.007947206

0.009346962

0.007430792

0.007245541

0.008200645

0.00688529

0.007763624

0.011532784

0.00854516

0.008393526

0.007001877

0.008194208

0.00942874

0.007570744

0.007202387

0.008207083

0.006735802

0.009870768

0.006530523

0.007645607

0.009498835

0.00945425

0.007101774

0.00833106

0.007571459

0.006664991

0.007027388

0.007415056

0.006263971

0.008508921

0.00696516

0.006546736

0.008813381

0.007032871

0.006725311

0.007552862

0.006371737

0.00674367

0.008945704

0.00816679

0.006924391

0.009206772

0.007518291

0.007359982

0.009246588

0.007169485

0.008756638

0.006677389

0.008366823

0.007246971
